16422315
8221037
6362527
12183504
10458261
14464276
3232922
10364462
16653061
11084688
11966106
8027416
11545304
10497012
9955533
15981534
5857682
8587709
16251058
8134014
13614020
8311147
10818022
9579850
1249230
4106357
13171523
13325470
7771763
15062668
13722117
11835186
9863105
10384376
6665052
13799542
10151908
10342368
15471503
14699623
11649621
13305247
12221716
12623012
5154867
9522653
14733189
9974180
15764287
5843708
6801928
10262033
15873012
7528988
9965185
10745963
11303969
3208222
15192625
6606313
15280398
14287657
3915746
13243356
12876487
10369424
14351339
14419337
12927379
12394977
6197052
12324261
4084418
11071212
13586755
7540064
4731694
964874
11532455
16041248
14755531
15726090
4823818
16171670
15418739
4731805
11553461
12488719
4442659
13590719
9686088
13442732
14299879
8156998
16724490
11044114
16394860
15094728
15267090
9581144
15634166
15307897
10737734
15636281
4889239
9775933
12321571
13884008
7622569
11408591
12171532
13099727
15035317
14487054
3136862
9757419
14492509
7723327
12666724
6647282
15760230
15992580
1540430
14752622
13353263
6999343
15525517
16661771
4222549
11438865
14496252
13932527
14504802
12057002
6146854
16193621
8844789
10700667
10859741
16626128
8057863
14699969
9294164
9327425
12465645
16238704
16282345
16423892
5955201
14420543
13406338
3832243
2752940
8736331
5572114
7085313
13544936
15537357
7351534
5515270
12702941
8540040
15842578
9273051
15109218
8087603
12067095
14685226
11328908
9462160
8508481
14965161
11435233
15052013
8486217
12632580
10002836
7437723
2672196
10631717
14638991
13173370
14456127
7855797
10188384
12451794
4358622
15934139
2815748
5541531
7819102
15762312
4943890
13859090
2569324
6914098
2877574
11265752
12495838
16312208
4540846
6564220
12777425
8729572
8562352
15138660
9446104
16665059
16698104
5724727
9879471
14468789
7928363
11228655
9703790
11043383
16764050
15519633
10097430
9152903
7873259
13211365
12868303
8926947
6276122
9077911
11886361
5455229
6867488
8839682
16603268
15083253
11982766
9429295
15241287
6909219
11659593
8017088
5679873
10305915
3780401
8603080
11480588
14618371
11524718
15123558
14335299
14299354
2275848
3413658
7666946
11727595
9756533
11207715
4296260
9387386
5767180
10257358
9129823
15263669
7394984
5421725
7039382
9508256
8894909
5053589
14829244
7804692
15883284
16231991
13581137
11634461
7294429
10079479
11529945
11997208
4405007
9686489
15308182
10295927
8314042
14882799
11944155
5095898
12740453
8496193
13270726
5678031
16356989
7090662
15625250
14428529
13727649
14061135
10100634
11631236
15938566
16674260
13712494
8283834
11218424
15137059
10072888
1036643
14482124
15190697
4552358
11249999
7352839
8144066
5839382
13099030
8326860
9546721
12734713
8896969
9580829
11878487
14807143
14097143
14694980
15331735
14340893
3960375
13825310
12645722
7908971
15530736
16391195
12575132
7836988
15773831
15987221
14712772
8668751
16576955
12326265
11933859
15148624
11627869
14855222
13610764
12404984
5796539
16661678
16767002
10269264
16589308
12105039
12431916
16592259
13823626
11966689
14061558
14784421
16434028
6465145
15340483
14510427
10087827
9931584
8587330
985397
3203764
16218976
4367284
14279513
6337877
12135961
11454181
15303724
11619470
11792304
10801495
8916298
10466763
15871139
11626298
1663594
13664770
8135636
6083672
14989701
15721099
16261256
12832286
12326750
16712414
12137201
9738760
9744221
3699640
16706170
14750398
15027380
14429926
14059224
4046830
11273297
9661462
15068959
2804528
13989366
14403612
13070422
12917908
13029994
15377929
8085233
10408217
16318757
9752199
15712177
15605388
12881377
8226417
16554977
16398895
13379747
10245846
16409115
15171549
9269455
13446153
4837896
12470951
15350357
11443290
4689287
9058211
15903004
8847352
11226288
9747243
12075486
14930703
5129950
2312773
1792536
7663037
8182047
5146725
11996964
13745146
15673910
2071244
5301163
10419715
13108670
10987784
8041355
554357
12728419
13331415
11764028
12972109
14265759
12652496
14519584
6742301
13643637
8983520
13526751
15460367
15291445
8437692
9160655
7198804
13715338
6828637
14104895
11177576
11256910
8667384
12218209
10074260
5491300
16032816
8843600
14299030
9902110
12029984
12819765
12206591
13881614
10113226
14536989
7313109
15161039
15283988
11300359
13376151
16546296
3278270
16103662
8817341
13178555
8296771
8365317
16445049
15864771
11710783
12799262
12333225
8585633
14741484
14349136
2506187
14302627
10448512
16330353
16725157
14239305
8371655
8968810
10314598
12241056
11793960
12025177
4850837
16343588
8893408
12641469
2180392
14184729
11221161
16513000
13431245
15585469
14936042
8667807
12481162
16638352
5464916
12955954
13567273
13722966
5841797
8928442
3779175
11627115
10141333
10069228
13895651
16367791
14357184
12170734
8882773
15616755
16068233
10666706
8611149
6081906
13843183
12775439
13966166
12641709
4845509
5166756
16384367
14085851
7965108
5060911
15465261
7715160
8760361
13916201
6980967
8462948
6495284
10138687
16134811
7844141
16650905
14315052
6522685
7018357
1348778
13330443
8120468
13308137
1633639
5393161
15507002
3625593
12452059
13500853
3943179
11072156
10220392
12526903
9101488
16560269
9119254
16074629
6357480
12631815
5885626
15312328
15885839
11712218
15827452
10445262
5908861
11094793
14145281
11122483
14774823
2340876
12185870
9758224
5552270
9077199
15164369
13433631
13423617
15253588
13823119
15418994
4249624
9900813
14376682
7580728
10837651
5865864
6485365
15606455
16125836
16640703
1657134
16638409
9383619
4078417
15202591
4545405
7753769
13985371
15519730
14828753
15180711
16112741
14778643
16596765
11924967
11523964
8703216
13759783
7717397
14102400
14688118
12461549
15027656
12033635
1387162
11550594
9907418
10152640
16759683
13118230
8411325
16646295
11361177
2021381
14413956
12769370
3353775
16263753
6660648
16652062
14409940
11363726
5989948
7470745
8194053
12080359
12577292
16761183
10099584
6606797
16156012
10449250
11339948
12231201
7166981
14849063
14626222
5485874
12452612
8563953
15357864
9250576
13505732
8424351
16035926
15929870
11944591
13662504
1890487
7626564
9390139
6629719
13752618
13252838
13926270
16547051
14943038
13621433
16012800
10003510
9837371
8382604
5737006
13275430
9926024
12869422
7824457
11668883
8281999
4637652
10462046
11788454
15971924
13440980
13858370
2654399
11366648
13821454
15451211
7496652
16040674
12391742
8240178
7669175
13451450
5386047
7956770
12077507
5478301
14589860
7968095
16056097
14651665
16549740
9241529
12078467
14333389
12815583
15791510
12369014
10524023
3556815
9816684
8610738
16768515
14049596
16380708
11085806
15042045
16206933
12399041
16776717
12295676
11690584
7869415
5832887
11879653
3822540
13399884
14183432
761771
1824814
8789677
6966036
12821832
2504606
7775997
14396797
13100639
4507861
12579197
6908534
6854957
13221135
16746313
11385227
11359004
4523917
13117170
15119260
8696433
15026028
16377392
10960334
14709344
15368977
9995585
11112217
9111142
15628972
15156335
11238879
12027200
13456483
16020990
15146383
14788940
2189173
7227804
14566273
11382023
10238537
13295667
5776494
12949742
13019944
14508139
10739538
4052722
16350340
12852362
15909583
16152542
12146856
6728560
15445097
5804979
10074186
14377495
13872688
3067347
14815126
12448655
4969531
15823071
4535904
9623274
16736557
8386887
15376786
13884449
10916399
7975791
14439372
10581826
7158258
13281545
15807151
3170831
5703006
15030212
10102483
12706473
15763011
13050053
5585936
12601024
15760462
3947355
9548862
10981904
6585801
4766086
13097517
15620302
4603394
11310562
12205032
13360633
10617960
6625988
5977258
3672522
12257744
12683946
10852651
8080138
9689260
16017467
11061730
16264230
12790559
11805242
2355130
11998763
14406405
10876046
14248244
11288368
6963479
5092168
7394075
16372226
9102380
12097186
12001400
12233968
10266292
14344766
8776699
10654398
12565714
8937965
15873414
11251387
9891564
14330483
15554404
12743034
14107096
7185162
6810350
13926105
14476182
15998950
14967400
10826838
4883354
9695620
12978227
8245831
15050113
14040044
6189342
11553003
16657160
12548341
15184819
14027700
10510626
12254054
13631390
16552731
16522268
4435603
11418918
16699656
15409208
11359583
10504170
13085623
14905997
12156983
7240738
15193377
8687882
9120134
10556738
7480813
11889816
8819782
7701994
9943645
6751606
14805828
8923423
5272126
9928428
14237410
2124721
12333487
16157341
16168450
13372220
13052700
8526931
11446754
13982768
14634196
1531050
7012170
14782762
12716880
15660851
14272410
5542553
5662176
15801464
6289010
3070493
12666232
11309425
6973272
14056346
9235880
4884781
12870389
15354369
7095126
15110251
5705969
11870836
7763151
4318382
14548649
12404364
16729613
10757686
3715397
9282076
2088376
