15912755
7965751
6400729
12412011
10378776
14166720
3238631
10265998
16133099
11158010
12260436
7784093
11759897
10425666
9786195
15500390
5994155
8321633
15751205
7883569
13477460
8051770
10820756
9362419
1228790
3978927
13135266
13253034
7550866
14676831
13562773
12151248
9680423
10289856
6628301
13624292
10014194
10239580
15037241
14364879
11899612
13237486
12438936
12726782
5100334
9299330
14393401
9807654
15301276
5975271
6734737
10144004
15400585
7336375
9797297
10731031
11441488
3220257
14790349
6583288
14867570
14020108
3802340
13190047
12913390
10271938
14072762
14129244
12951303
12562073
6280724
12511605
3958174
11140770
13456048
7346013
4617179
937958
11742776
15555598
14412423
15266549
4718840
15676892
14990184
4617300
11770777
12629420
4310950
13459158
9480605
13343657
14030196
7905190
16201931
11106167
15886742
14704746
14855833
9363851
15183321
14891855
10720824
15185230
4792222
9581570
12509692
13691802
7418247
11578698
12403594
13080810
14653065
14185757
3167967
9560688
14190322
7507530
12758698
6614641
15297583
15510587
1563879
14409945
13274442
6892059
15085579
16141476
4090687
11618637
14193455
13730768
14200613
12323479
6244946
15697404
8580406
10674939
10872976
16107222
7812372
14365172
9051071
9086837
12612795
15739618
15780593
15914250
6111019
14130248
13315447
3727625
2766240
8470303
5617217
6961977
13423291
15096196
7183902
5544433
12785225
8274489
15372718
9028437
14717381
7840098
12330508
14352665
11474081
9233017
8243421
14592299
11613840
14667567
8221573
12733759
9840707
7257504
2665066
10590007
14313521
13136671
14159915
7626696
10057036
12602832
4225533
15456719
2847023
5577965
7593483
15299478
4854283
13671843
2540526
6823574
2928323
11391684
12634555
15808695
4412814
6551277
12840019
8463487
8296523
14743092
9215486
16144639
16176469
5816316
9699080
14170489
7692834
11343499
9500423
11105234
16240179
15080305
9950497
8900604
7642555
13165613
12907306
8664715
6337673
8821662
12205520
5468366
6786483
8575191
16085290
14694747
12271955
9197167
14833106
6819680
11913033
7774524
5757241
10196118
3682048
8336891
11673855
14296104
11732475
14729898
14059478
14029762
2212104
3377358
7457426
12004865
9559689
11316372
4163203
9151633
5872657
10138464
8876240
14852818
7220899
5426281
6924516
9283509
8631745
4980935
14475385
7580484
15410004
15733324
13451642
11879230
7135609
9929583
11739432
12281954
4272479
9481052
14892107
10184238
8054549
14521325
12245283
5030525
12812780
8231356
13210999
5754826
15850931
6966355
15175275
14136900
13567157
13834710
9954234
11874896
15460792
16153496
13555151
8025598
11330238
14741693
9921914
1004314
14181634
14788658
4424903
11371203
7185010
7893018
5969434
13080283
8066866
9325831
12808558
8633862
9363502
12200117
14456475
13863982
14360938
14912942
14064110
3842934
13644844
12743350
7675100
15090258
15883273
12691950
7609652
15309967
15505639
14376044
8402384
16060084
12513032
12238185
14751805
11870374
14497647
13474901
12569238
5911863
16141387
16243037
10152576
16071912
12356989
12588550
16074739
13643500
12260840
13835052
14437062
15923865
6476738
14920689
14205325
9939305
9758693
8321257
956447
3216957
15721131
4234262
14013391
6382652
12378630
11638884
14888167
11859101
12092744
10800124
8653743
10389049
15398869
11868264
1655023
13517429
7885093
6200325
14613523
15262017
15760778
12880582
12513377
16190273
12379499
9539683
9545827
3612285
16184249
14408051
14646175
14138064
13833158
3922879
11401504
9453093
14682304
2832459
13776587
14116159
13058668
12944236
13028205
14953899
7837885
10318479
15814865
9554807
15253921
15157365
12917025
7970861
16039060
15890562
13294882
10124836
15900242
14771872
9024587
13346313
4734547
12616616
14929438
11624482
4571043
8801031
15428100
8583025
11340431
9549227
12336357
14562558
5070737
2251238
1757951
7453966
7928822
5090646
12281785
13581035
15219245
2006673
5276986
10332308
13087578
11034505
7797026
537869
12803931
13257610
12054285
12984750
14002056
12748297
14213000
6688104
13500767
8723221
13409078
15027296
14877321
8174153
8908803
7055583
13557403
6755758
13870294
11277414
11380185
8401016
12436460
9923510
5513965
15547790
8579191
14029494
9724938
12304690
12871308
12428269
13689883
9968930
14227601
7151365
14762668
14870738
11436777
13292104
16030764
3272729
15613522
8552413
13140615
8037984
8103933
15934327
15393034
11982111
12856143
12517986
8319574
14400461
14070937
2466513
14032464
10367007
15825795
16202575
13980285
8110058
8707973
10206458
12452595
12095000
12301352
4749026
15838279
8630204
12740245
2113856
13935498
11333786
15998984
13334744
15139428
14567162
8401440
12623972
16118960
5480582
12972657
13440775
13563445
5972692
8666256
3680977
11869363
10001804
9917657
13701140
15861138
14077607
12403032
8619288
15167612
15580613
10633037
8344911
6199085
13659122
12838554
13757862
12740420
4743061
5114504
15876811
13854794
7726555
4989487
15031666
7500250
8494581
13717641
6877226
8198800
6499293
9998704
15642513
7616130
16131026
14042730
6519890
6907450
1348260
13256862
7870855
13239707
1632211
5390606
15068990
3549645
12603021
13388869
3827238
11141977
10094754
12656996
8846411
16044120
8865103
15586549
6397022
12733201
6032051
14895772
15412346
11984052
15358888
10363086
6063699
11170951
13903233
11206473
14428871
2281445
12413675
9561596
5591722
8820916
14765584
13336596
13328830
14843937
13643095
14990411
4117177
9723455
14093782
7381517
10845300
6005231
6491858
15158327
15634154
16121220
1650068
16119015
9147549
3952518
14799094
4417597
7534736
13773361
15080392
14474964
14779901
15621966
14432130
16079057
12232060
11731471
8436957
13592658
7502244
13868262
14355117
12609848
14646415
12307227
1396770
11766952
9731010
10015053
16235952
13094816
8148502
16126594
11516359
1959540
14124765
12834078
3330558
15763123
6624912
16132138
14121423
11519703
6134985
7285930
7940175
12339756
12693518
16237404
9953009
6583656
15662279
10367898
11488531
12445632
7029186
14492367
14302732
5507087
12603420
8298105
14936093
9004398
13392673
8161164
15550669
15452791
12245585
13515641
1841275
7421766
9154617
6601176
13586966
13197301
13725735
16031486
14573196
13483289
15529270
9841487
9651149
8120651
5832568
13214604
9752319
12908138
7598320
11925546
8023844
4515425
10383349
12087503
15491524
13342298
13671268
2643171
11523538
13641767
15019125
7308321
15555065
12559759
7983945
7459401
13350427
5381750
7718889
12337767
5497497
14272061
7729303
15569357
14324239
16034055
8994738
12338435
14057897
12868214
15326078
12543511
10458451
3492596
9627672
8344502
16244501
13825345
15873351
11159441
14658907
15709856
12564982
16252445
12491288
11954817
7639061
5960680
12200918
3719046
13310451
13934436
775963
1784919
8524288
6865200
12872839
2464683
7554668
14110492
13081500
4378346
12694902
6819133
6776554
13173069
16223019
11547946
11513508
4395091
13094013
14726145
8430141
14645002
15870214
10999717
14373132
14945952
9832335
11193294
8856563
15178632
14758551
11356763
12302756
13354336
15536846
14749845
14440920
2122718
7079741
14252206
11543735
10116191
13230128
5885072
12968011
13020646
14203409
10723060
3928390
15844653
12895469
15434143
15659042
12386268
6677416
15013671
5923171
9923423
14094458
13682731
3118162
14463301
12600574
4883637
15354885
4407634
9410569
16213588
8124797
14952883
13692156
10944217
7736388
14145937
10528895
7021970
13219293
15340347
3192712
5787650
14648633
9956391
12787816
15300114
13043308
5635026
12710770
15297794
3831043
9328192
11027046
6567663
4654902
13079139
15170811
4478865
11450098
12427170
13280126
10573128
6598320
6126217
3589197
12464398
12771302
10864087
7833129
9484153
15533586
11128652
15763571
12849714
12110373
2296904
12283032
14118482
10893439
13987636
11421138
6863145
5026137
7220123
15865330
8847348
12351501
12284859
12447586
10149052
14067317
8511124
10617884
12685113
8676080
15400955
11373006
9712885
14055493
15111499
12814679
13872086
7044254
6741356
13725602
14176667
15516470
14594235
10831773
4785580
9491272
12989333
7989326
14665916
13817598
6275210
11770166
16137041
12672517
14783503
13807594
10442180
12461787
13491123
16036914
16007824
4303715
11592309
16177966
14981702
11514268
10434346
13070147
14541275
12393373
7090546
14791009
8421557
8866031
10498274
7294623
12207892
8554899
7488528
9772534
6695354
14455349
8661083
5241531
9755074
13978727
2058499
12518173
15663518
15673886
13289069
13045302
8261570
11629062
13771258
14309469
1557224
6902437
14435646
12795455
15207431
14007536
5579273
5734062
15335157
6347023
3120392
12758338
11448612
6871026
13830821
8988710
4787191
12908857
14932995
6970012
14718282
5791554
12194872
7543141
4185211
14237392
12568795
16206879
10745588
3625778
9038107
2023132
